3.749999999999999861e-03 0.000000000000000000e+00
1.124999999999999958e-02 0.000000000000000000e+00
1.874999999999999931e-02 0.000000000000000000e+00
2.624999999999999903e-02 0.000000000000000000e+00
3.375000000000000222e-02 0.000000000000000000e+00
4.124999999999999500e-02 0.000000000000000000e+00
4.875000000000000167e-02 0.000000000000000000e+00
5.624999999999999445e-02 0.000000000000000000e+00
6.375000000000000111e-02 0.000000000000000000e+00
7.125000000000000777e-02 0.000000000000000000e+00
7.874999999999998668e-02 0.000000000000000000e+00
8.624999999999999334e-02 0.000000000000000000e+00
9.375000000000000000e-02 0.000000000000000000e+00
1.012500000000000067e-01 0.000000000000000000e+00
1.087499999999999856e-01 0.000000000000000000e+00
1.162499999999999922e-01 0.000000000000000000e+00
1.237499999999999989e-01 0.000000000000000000e+00
1.312500000000000056e-01 0.000000000000000000e+00
1.387499999999999845e-01 0.000000000000000000e+00
1.462499999999999911e-01 0.000000000000000000e+00
1.537499999999999978e-01 0.000000000000000000e+00
1.612500000000000044e-01 0.000000000000000000e+00
1.687499999999999833e-01 2.618510518473612794e-06
1.762499999999999900e-01 5.237021036947225588e-06
1.837499999999999967e-01 2.618510518473612794e-06
1.912500000000000033e-01 2.618510518473612794e-06
1.987499999999999822e-01 2.618510518473612794e-06
2.062499999999999889e-01 2.618510518473612794e-06
2.137499999999999956e-01 1.309255259236806439e-05
2.212500000000000022e-01 7.855531555420839653e-06
2.287499999999999811e-01 1.047404207389445118e-05
2.362499999999999878e-01 7.855531555420839653e-06
2.437499999999999944e-01 1.571106311084167931e-05
2.512499999999999734e-01 1.309255259236806439e-05
2.587500000000000355e-01 7.855531555420839653e-06
2.662499999999999867e-01 2.094808414778890235e-05
2.737499999999999933e-01 1.309255259236806439e-05
2.812500000000000000e-01 2.356659466626251896e-05
2.887499999999999512e-01 2.618510518473612879e-05
2.962500000000000133e-01 1.832957362931529252e-05
3.037499999999999645e-01 3.665914725863058505e-05
3.112500000000000266e-01 3.404063674015697861e-05
3.187499999999999778e-01 4.451467881405142470e-05
3.262499999999999845e-01 5.237021036947225758e-05
3.337499999999999911e-01 3.927765777710419827e-05
3.412499999999999423e-01 4.713318933252503792e-05
3.487500000000000044e-01 5.237021036947225758e-05
3.562499999999999556e-01 4.451467881405142470e-05
3.637500000000000178e-01 7.855531555420839653e-05
3.712499999999999689e-01 7.069978399878755688e-05
3.787500000000000311e-01 1.152144628128389680e-04
3.862499999999999822e-01 1.283070154052070341e-04
3.937499999999999889e-01 1.466365890345223402e-04
4.012499999999999956e-01 1.361625469606279144e-04
4.087499999999999467e-01 2.225733940702571100e-04
4.162500000000000089e-01 1.780587152562056988e-04
4.237499999999999600e-01 3.037472201429391333e-04
4.312500000000000222e-01 3.849210462156211023e-04
4.387499999999999734e-01 5.053725300654072832e-04
4.462499999999999800e-01 9.819414444276048076e-04
4.537499999999999867e-01 2.063386288557207161e-03
4.612499999999999378e-01 4.912325732656498342e-03
4.687500000000000000e-01 1.134338756602769165e-02
4.762499999999999512e-01 2.707801727153563362e-02
4.837500000000000133e-01 5.846872136699730882e-02
4.912499999999999645e-01 1.146514830513671451e-01
4.987499999999999711e-01 1.884777686092121984e-01
5.062499999999999778e-01 2.671064024579378748e-01
5.137499999999999289e-01 3.318595490692717864e-01
5.212499999999999911e-01 3.764972978776915391e-01
5.287500000000000533e-01 4.065001913983621318e-01
5.362500000000000044e-01 4.209543694603364861e-01
5.437499999999999556e-01 4.336750935590813483e-01
5.512500000000000178e-01 4.420595642392338154e-01
5.587499999999999689e-01 4.479643054583918316e-01
5.662499999999999201e-01 4.560240808342535535e-01
5.737499999999999822e-01 4.556862929773705106e-01
5.812500000000000444e-01 4.596088217340439930e-01
5.887499999999999956e-01 4.531672858585988894e-01
5.962499999999999467e-01 4.501376691887249426e-01
6.037500000000000089e-01 4.339186150372993933e-01
6.112499999999999600e-01 4.130307566314353473e-01
6.187499999999999112e-01 3.881758547900838185e-01
6.262499999999999734e-01 3.533941795731987967e-01
6.337500000000000355e-01 3.184894343619456003e-01
6.412499999999999867e-01 2.767294286133283876e-01
6.487499999999999378e-01 2.395465792510030889e-01
6.562500000000000000e-01 2.008109531512229096e-01
6.637499999999999512e-01 1.667231832217334342e-01
6.712499999999999023e-01 1.352722533843468411e-01
6.787499999999999645e-01 1.067200146909105807e-01
6.862500000000000266e-01 8.220028219592366570e-02
6.937499999999999778e-01 6.185969248842063117e-02
7.012499999999999289e-01 4.614862937757895772e-02
7.087499999999999911e-01 3.309273593246952333e-02
7.162500000000000533e-01 2.378393103929582822e-02
7.237499999999998934e-01 1.541255291173568645e-02
7.312499999999999556e-01 1.057878249463339686e-02
7.387500000000000178e-01 7.159007757506857805e-03
7.462499999999999689e-01 4.653093191327610512e-03
7.537499999999999201e-01 2.888217101876395555e-03
7.612499999999999822e-01 1.903657146930316660e-03
7.687500000000000444e-01 1.228081433164124586e-03
7.762499999999999956e-01 8.457788974669769744e-04
7.837499999999999467e-01 5.839278456196157069e-04
7.912500000000000089e-01 4.215801934742517145e-04
7.987499999999999600e-01 3.456433884385168905e-04
8.062499999999999112e-01 2.382844571810987893e-04
8.137499999999999734e-01 1.649661626638376463e-04
8.212500000000000355e-01 1.518736100714695666e-04
8.287499999999999867e-01 1.230699943682598077e-04
8.362499999999999378e-01 1.099774417758917551e-04
8.437500000000000000e-01 7.593680503573478331e-05
8.512499999999999512e-01 8.902935762810284940e-05
8.587499999999999023e-01 8.379233659115560941e-05
8.662499999999999645e-01 7.593680503573478331e-05
8.737500000000000266e-01 7.069978399878755688e-05
8.812499999999999778e-01 5.498872088794587757e-05
8.887499999999999289e-01 5.237021036947225758e-05
8.962499999999999911e-01 4.451467881405142470e-05
9.037499999999999423e-01 2.618510518473612879e-05
9.112499999999998934e-01 3.665914725863058505e-05
9.187499999999999556e-01 2.356659466626251896e-05
9.262500000000000178e-01 2.094808414778890235e-05
9.337499999999999689e-01 1.832957362931529252e-05
9.412499999999999201e-01 2.618510518473612879e-05
9.487499999999999822e-01 2.356659466626251896e-05
9.562500000000000444e-01 1.047404207389445118e-05
9.637499999999998845e-01 3.142212622168335861e-05
9.712499999999999467e-01 7.855531555420839653e-06
9.787500000000000089e-01 2.094808414778890235e-05
9.862499999999999600e-01 1.047404207389445118e-05
9.937499999999999112e-01 1.832957362931529252e-05
1.001249999999999973e+00 1.047404207389445118e-05
1.008750000000000036e+00 2.880361570320974201e-05
1.016249999999999876e+00 1.832957362931529252e-05
1.023749999999999938e+00 1.571106311084167931e-05
1.031250000000000000e+00 5.237021036947225588e-06
1.038749999999999840e+00 1.309255259236806439e-05
1.046250000000000124e+00 1.047404207389445118e-05
1.053749999999999964e+00 1.047404207389445118e-05
1.061249999999999805e+00 1.309255259236806439e-05
1.068750000000000089e+00 1.047404207389445118e-05
1.076249999999999929e+00 2.618510518473612794e-06
1.083749999999999991e+00 5.237021036947225588e-06
1.091250000000000053e+00 7.855531555420839653e-06
1.098749999999999893e+00 2.618510518473612794e-06
1.106249999999999956e+00 7.855531555420839653e-06
1.113750000000000018e+00 5.237021036947225588e-06
1.121249999999999858e+00 5.237021036947225588e-06
1.128750000000000142e+00 5.237021036947225588e-06
1.136249999999999982e+00 7.855531555420839653e-06
1.143749999999999822e+00 0.000000000000000000e+00
1.151250000000000107e+00 5.237021036947225588e-06
1.158749999999999947e+00 0.000000000000000000e+00
1.166249999999999787e+00 2.618510518473612794e-06
1.173750000000000071e+00 0.000000000000000000e+00
1.181249999999999911e+00 0.000000000000000000e+00
1.188749999999999973e+00 7.855531555420839653e-06
1.196250000000000036e+00 0.000000000000000000e+00
1.203749999999999876e+00 0.000000000000000000e+00
1.211249999999999938e+00 0.000000000000000000e+00
1.218750000000000000e+00 0.000000000000000000e+00
1.226249999999999840e+00 0.000000000000000000e+00
1.233750000000000124e+00 0.000000000000000000e+00
1.241249999999999964e+00 0.000000000000000000e+00
1.248749999999999805e+00 0.000000000000000000e+00
1.256250000000000089e+00 0.000000000000000000e+00
1.263749999999999929e+00 0.000000000000000000e+00
1.271249999999999769e+00 0.000000000000000000e+00
1.278750000000000053e+00 0.000000000000000000e+00
1.286249999999999893e+00 0.000000000000000000e+00
1.293749999999999956e+00 0.000000000000000000e+00
1.301250000000000018e+00 0.000000000000000000e+00
1.308749999999999858e+00 0.000000000000000000e+00
1.316249999999999920e+00 0.000000000000000000e+00
1.323749999999999982e+00 0.000000000000000000e+00
1.331249999999999822e+00 0.000000000000000000e+00
1.338750000000000107e+00 0.000000000000000000e+00
1.346249999999999947e+00 0.000000000000000000e+00
1.353749999999999787e+00 0.000000000000000000e+00
1.361250000000000071e+00 0.000000000000000000e+00
1.368749999999999911e+00 0.000000000000000000e+00
1.376249999999999973e+00 0.000000000000000000e+00
1.383750000000000036e+00 0.000000000000000000e+00
1.391249999999999876e+00 0.000000000000000000e+00
1.398749999999999938e+00 0.000000000000000000e+00
1.406250000000000000e+00 0.000000000000000000e+00
1.413749999999999840e+00 0.000000000000000000e+00
1.421250000000000124e+00 0.000000000000000000e+00
1.428749999999999964e+00 0.000000000000000000e+00
1.436249999999999805e+00 0.000000000000000000e+00
1.443750000000000089e+00 0.000000000000000000e+00
1.451249999999999929e+00 0.000000000000000000e+00
1.458749999999999769e+00 0.000000000000000000e+00
1.466250000000000053e+00 0.000000000000000000e+00
1.473749999999999893e+00 0.000000000000000000e+00
1.481249999999999956e+00 0.000000000000000000e+00
1.488750000000000018e+00 0.000000000000000000e+00
1.496249999999999858e+00 0.000000000000000000e+00
