3.749999999999999861e-03 0.000000000000000000e+00
1.124999999999999958e-02 0.000000000000000000e+00
1.874999999999999931e-02 0.000000000000000000e+00
2.624999999999999903e-02 0.000000000000000000e+00
3.375000000000000222e-02 0.000000000000000000e+00
4.124999999999999500e-02 0.000000000000000000e+00
4.875000000000000167e-02 0.000000000000000000e+00
5.624999999999999445e-02 0.000000000000000000e+00
6.375000000000000111e-02 0.000000000000000000e+00
7.125000000000000777e-02 0.000000000000000000e+00
7.874999999999998668e-02 0.000000000000000000e+00
8.624999999999999334e-02 0.000000000000000000e+00
9.375000000000000000e-02 0.000000000000000000e+00
1.012500000000000067e-01 0.000000000000000000e+00
1.087499999999999856e-01 0.000000000000000000e+00
1.162499999999999922e-01 0.000000000000000000e+00
1.237499999999999989e-01 0.000000000000000000e+00
1.312500000000000056e-01 0.000000000000000000e+00
1.387499999999999845e-01 0.000000000000000000e+00
1.462499999999999911e-01 0.000000000000000000e+00
1.537499999999999978e-01 0.000000000000000000e+00
1.612500000000000044e-01 0.000000000000000000e+00
1.687499999999999833e-01 0.000000000000000000e+00
1.762499999999999900e-01 0.000000000000000000e+00
1.837499999999999967e-01 0.000000000000000000e+00
1.912500000000000033e-01 0.000000000000000000e+00
1.987499999999999822e-01 0.000000000000000000e+00
2.062499999999999889e-01 0.000000000000000000e+00
2.137499999999999956e-01 0.000000000000000000e+00
2.212500000000000022e-01 0.000000000000000000e+00
2.287499999999999811e-01 0.000000000000000000e+00
2.362499999999999878e-01 0.000000000000000000e+00
2.437499999999999944e-01 0.000000000000000000e+00
2.512499999999999734e-01 0.000000000000000000e+00
2.587500000000000355e-01 0.000000000000000000e+00
2.662499999999999867e-01 0.000000000000000000e+00
2.737499999999999933e-01 0.000000000000000000e+00
2.812500000000000000e-01 0.000000000000000000e+00
2.887499999999999512e-01 3.064558063340671015e-06
2.962500000000000133e-01 3.064558063340671015e-06
3.037499999999999645e-01 0.000000000000000000e+00
3.112500000000000266e-01 0.000000000000000000e+00
3.187499999999999778e-01 3.064558063340671015e-06
3.262499999999999845e-01 0.000000000000000000e+00
3.337499999999999911e-01 0.000000000000000000e+00
3.412499999999999423e-01 3.064558063340671015e-06
3.487500000000000044e-01 0.000000000000000000e+00
3.562499999999999556e-01 0.000000000000000000e+00
3.637500000000000178e-01 3.064558063340671015e-06
3.712499999999999689e-01 0.000000000000000000e+00
3.787500000000000311e-01 3.064558063340671015e-06
3.862499999999999822e-01 0.000000000000000000e+00
3.937499999999999889e-01 3.064558063340671015e-06
4.012499999999999956e-01 3.064558063340671015e-06
4.087499999999999467e-01 3.064558063340671015e-06
4.162500000000000089e-01 6.129116126681342030e-06
4.237499999999999600e-01 6.129116126681342030e-06
4.312500000000000222e-01 3.064558063340671015e-06
4.387499999999999734e-01 3.064558063340671015e-06
4.462499999999999800e-01 3.064558063340671015e-06
4.537499999999999867e-01 9.193674190022011351e-06
4.612499999999999378e-01 6.129116126681342030e-06
4.687500000000000000e-01 9.193674190022011351e-06
4.762499999999999512e-01 9.193674190022011351e-06
4.837500000000000133e-01 9.193674190022011351e-06
4.912499999999999645e-01 1.225823225336268406e-05
4.987499999999999711e-01 1.532279031670335338e-05
5.062499999999999778e-01 1.532279031670335338e-05
5.137499999999999289e-01 2.451646450672536812e-05
5.212499999999999911e-01 2.758102257006603405e-05
5.287500000000000533e-01 3.371013869674737947e-05
5.362500000000000044e-01 4.290381288676939082e-05
5.437499999999999556e-01 2.145190644338469541e-05
5.512500000000000178e-01 6.742027739349475894e-05
5.587499999999999689e-01 4.596837095011005675e-05
5.662499999999999201e-01 8.274306771019811571e-05
5.737499999999999822e-01 1.041949741535828043e-04
5.812500000000000444e-01 1.716152515470775633e-04
5.887499999999999956e-01 1.195177644702861611e-04
5.962499999999999467e-01 1.746798096104182157e-04
6.037500000000000089e-01 1.808089257370995746e-04
6.112499999999999600e-01 3.279077127774517562e-04
6.187499999999999112e-01 3.738760837275618130e-04
6.262499999999999734e-01 4.290381288676938811e-04
6.337500000000000355e-01 4.719419417544632855e-04
6.412499999999999867e-01 5.485558933379800287e-04
6.487499999999999378e-01 7.385584932651016688e-04
6.562500000000000000e-01 1.035820625409146793e-03
6.637499999999999512e-01 1.195177644702861584e-03
6.712499999999999023e-01 1.474052428466862685e-03
6.787499999999999645e-01 1.801960141244314225e-03
6.862500000000000266e-01 2.230998270112008377e-03
6.937499999999999778e-01 3.076816295594033204e-03
7.012499999999999289e-01 3.800051998542431503e-03
7.087499999999999911e-01 5.234265172185865490e-03
7.162500000000000533e-01 7.082193684380289934e-03
7.237499999999998934e-01 1.024481760574786314e-02
7.312499999999999556e-01 1.409083797524040421e-02
7.387500000000000178e-01 1.923623096358938883e-02
7.462499999999999689e-01 2.675052733490071444e-02
7.537499999999999201e-01 3.685743982779824540e-02
7.612499999999999822e-01 4.838937182014918514e-02
7.687500000000000444e-01 6.282344029848374589e-02
7.762499999999999956e-01 8.224354474587357300e-02
7.837499999999999467e-01 1.029078597669797202e-01
7.912500000000000089e-01 1.314726054753781181e-01
7.987499999999999600e-01 1.633623966825011320e-01
8.062499999999999112e-01 1.968549517567513285e-01
8.137499999999999734e-01 2.306723499857156190e-01
8.212500000000000355e-01 2.572175519303724900e-01
8.287499999999999867e-01 2.767081412132191831e-01
8.362499999999999378e-01 2.881941048346199907e-01
8.437500000000000000e-01 2.933241750326522901e-01
8.512499999999999512e-01 2.919267365557689509e-01
8.587499999999999023e-01 2.875505476413184880e-01
8.662499999999999645e-01 2.794417270057190650e-01
8.737500000000000266e-01 2.646031368630235026e-01
8.812499999999999778e-01 2.458694934218219885e-01
8.887499999999999289e-01 2.205623729347547524e-01
8.962499999999999911e-01 1.905388975882061908e-01
9.037499999999999423e-01 1.533750019540738585e-01
9.112499999999998934e-01 1.180283892515025940e-01
9.187499999999999556e-01 8.553181554783811924e-02
9.262500000000000178e-01 5.843192859371657000e-02
9.337499999999999689e-01 3.826713653693495504e-02
9.412499999999999201e-01 2.530099137094057871e-02
9.487499999999999822e-01 1.868767507025140967e-02
9.562500000000000444e-01 1.412761267200049117e-02
9.637499999999998845e-01 1.064014559591880751e-02
9.712499999999999467e-01 8.571568903163856099e-03
9.787500000000000089e-01 6.886061968326487315e-03
9.862499999999999600e-01 6.319118726608462938e-03
9.937499999999999112e-01 4.918615691661775910e-03
1.001249999999999973e+00 3.956344459772805425e-03
1.008750000000000036e+00 3.027783366580582766e-03
1.016249999999999876e+00 2.393419847469064037e-03
1.023749999999999938e+00 2.022608321804842714e-03
1.031250000000000000e+00 1.792766467054292268e-03
1.038749999999999840e+00 1.425019499453411814e-03
1.046250000000000124e+00 1.158402947942773539e-03
1.053749999999999964e+00 1.152273831816092234e-03
1.061249999999999805e+00 9.438838835089265709e-04
1.068750000000000089e+00 8.059787706585963465e-04
1.076249999999999929e+00 6.558154255549035125e-04
1.083749999999999991e+00 6.680736578082662304e-04
1.091250000000000053e+00 6.312989610481780766e-04
1.098749999999999893e+00 4.412963611210565448e-04
1.106249999999999956e+00 3.248431547141111039e-04
1.113750000000000018e+00 3.033912482707263746e-04
1.121249999999999858e+00 1.869380418637809065e-04
1.128750000000000142e+00 1.961317160538029450e-04
1.136249999999999982e+00 1.654861354203962314e-04
1.143749999999999822e+00 1.593570192937148724e-04
1.151250000000000107e+00 1.654861354203962314e-04
1.158749999999999947e+00 1.716152515470775633e-04
1.166249999999999787e+00 2.083899483071656087e-04
1.173750000000000071e+00 1.716152515470775633e-04
1.181249999999999911e+00 1.838734838004402270e-04
1.188749999999999973e+00 9.193674190022011351e-05
1.196250000000000036e+00 0.000000000000000000e+00
1.203749999999999876e+00 0.000000000000000000e+00
1.211249999999999938e+00 0.000000000000000000e+00
1.218750000000000000e+00 0.000000000000000000e+00
1.226249999999999840e+00 0.000000000000000000e+00
1.233750000000000124e+00 0.000000000000000000e+00
1.241249999999999964e+00 0.000000000000000000e+00
1.248749999999999805e+00 0.000000000000000000e+00
1.256250000000000089e+00 0.000000000000000000e+00
1.263749999999999929e+00 0.000000000000000000e+00
1.271249999999999769e+00 0.000000000000000000e+00
1.278750000000000053e+00 0.000000000000000000e+00
1.286249999999999893e+00 0.000000000000000000e+00
1.293749999999999956e+00 0.000000000000000000e+00
1.301250000000000018e+00 0.000000000000000000e+00
1.308749999999999858e+00 0.000000000000000000e+00
1.316249999999999920e+00 0.000000000000000000e+00
1.323749999999999982e+00 0.000000000000000000e+00
1.331249999999999822e+00 0.000000000000000000e+00
1.338750000000000107e+00 0.000000000000000000e+00
1.346249999999999947e+00 0.000000000000000000e+00
1.353749999999999787e+00 0.000000000000000000e+00
1.361250000000000071e+00 0.000000000000000000e+00
1.368749999999999911e+00 0.000000000000000000e+00
1.376249999999999973e+00 0.000000000000000000e+00
1.383750000000000036e+00 0.000000000000000000e+00
1.391249999999999876e+00 0.000000000000000000e+00
1.398749999999999938e+00 0.000000000000000000e+00
1.406250000000000000e+00 0.000000000000000000e+00
1.413749999999999840e+00 0.000000000000000000e+00
1.421250000000000124e+00 0.000000000000000000e+00
1.428749999999999964e+00 0.000000000000000000e+00
1.436249999999999805e+00 0.000000000000000000e+00
1.443750000000000089e+00 0.000000000000000000e+00
1.451249999999999929e+00 0.000000000000000000e+00
1.458749999999999769e+00 0.000000000000000000e+00
1.466250000000000053e+00 0.000000000000000000e+00
1.473749999999999893e+00 0.000000000000000000e+00
1.481249999999999956e+00 0.000000000000000000e+00
1.488750000000000018e+00 0.000000000000000000e+00
1.496249999999999858e+00 0.000000000000000000e+00
