3.749999999999999861e-03 0.000000000000000000e+00
1.124999999999999958e-02 0.000000000000000000e+00
1.874999999999999931e-02 0.000000000000000000e+00
2.624999999999999903e-02 0.000000000000000000e+00
3.375000000000000222e-02 0.000000000000000000e+00
4.124999999999999500e-02 0.000000000000000000e+00
4.875000000000000167e-02 0.000000000000000000e+00
5.624999999999999445e-02 0.000000000000000000e+00
6.375000000000000111e-02 0.000000000000000000e+00
7.125000000000000777e-02 0.000000000000000000e+00
7.874999999999998668e-02 0.000000000000000000e+00
8.624999999999999334e-02 0.000000000000000000e+00
9.375000000000000000e-02 0.000000000000000000e+00
1.012500000000000067e-01 0.000000000000000000e+00
1.087499999999999856e-01 0.000000000000000000e+00
1.162499999999999922e-01 0.000000000000000000e+00
1.237499999999999989e-01 0.000000000000000000e+00
1.312500000000000056e-01 0.000000000000000000e+00
1.387499999999999845e-01 0.000000000000000000e+00
1.462499999999999911e-01 0.000000000000000000e+00
1.537499999999999978e-01 0.000000000000000000e+00
1.612500000000000044e-01 0.000000000000000000e+00
1.687499999999999833e-01 0.000000000000000000e+00
1.762499999999999900e-01 0.000000000000000000e+00
1.837499999999999967e-01 2.641154838131488825e-06
1.912500000000000033e-01 0.000000000000000000e+00
1.987499999999999822e-01 2.641154838131488825e-06
2.062499999999999889e-01 0.000000000000000000e+00
2.137499999999999956e-01 0.000000000000000000e+00
2.212500000000000022e-01 0.000000000000000000e+00
2.287499999999999811e-01 0.000000000000000000e+00
2.362499999999999878e-01 2.641154838131488825e-06
2.437499999999999944e-01 0.000000000000000000e+00
2.512499999999999734e-01 0.000000000000000000e+00
2.587500000000000355e-01 0.000000000000000000e+00
2.662499999999999867e-01 0.000000000000000000e+00
2.737499999999999933e-01 0.000000000000000000e+00
2.812500000000000000e-01 0.000000000000000000e+00
2.887499999999999512e-01 0.000000000000000000e+00
2.962500000000000133e-01 0.000000000000000000e+00
3.037499999999999645e-01 0.000000000000000000e+00
3.112500000000000266e-01 2.641154838131488825e-06
3.187499999999999778e-01 2.641154838131488825e-06
3.262499999999999845e-01 0.000000000000000000e+00
3.337499999999999911e-01 0.000000000000000000e+00
3.412499999999999423e-01 0.000000000000000000e+00
3.487500000000000044e-01 0.000000000000000000e+00
3.562499999999999556e-01 0.000000000000000000e+00
3.637500000000000178e-01 2.641154838131488825e-06
3.712499999999999689e-01 0.000000000000000000e+00
3.787500000000000311e-01 0.000000000000000000e+00
3.862499999999999822e-01 0.000000000000000000e+00
3.937499999999999889e-01 2.641154838131488825e-06
4.012499999999999956e-01 0.000000000000000000e+00
4.087499999999999467e-01 0.000000000000000000e+00
4.162500000000000089e-01 5.282309676262977650e-06
4.237499999999999600e-01 0.000000000000000000e+00
4.312500000000000222e-01 0.000000000000000000e+00
4.387499999999999734e-01 0.000000000000000000e+00
4.462499999999999800e-01 0.000000000000000000e+00
4.537499999999999867e-01 0.000000000000000000e+00
4.612499999999999378e-01 5.282309676262977650e-06
4.687500000000000000e-01 2.641154838131488825e-06
4.762499999999999512e-01 7.923464514394466899e-06
4.837500000000000133e-01 7.923464514394466899e-06
4.912499999999999645e-01 1.584692902878893380e-05
4.987499999999999711e-01 2.905270321944637750e-05
5.062499999999999778e-01 4.489963224823531130e-05
5.137499999999999289e-01 7.131118062955019870e-05
5.212499999999999911e-01 7.659349030581317889e-05
5.287500000000000533e-01 9.508157417273360279e-05
5.362500000000000044e-01 1.611104451260208484e-04
5.437499999999999556e-01 1.373400515828374308e-04
5.512500000000000178e-01 2.112923870505190992e-04
5.587499999999999689e-01 1.558281354497578547e-04
5.662499999999999201e-01 2.271393160793080263e-04
5.737499999999999822e-01 3.565559031477509664e-04
5.812500000000000444e-01 9.745861352705193371e-04
5.887499999999999956e-01 2.345345496260762067e-03
5.962499999999999467e-01 5.126481540813220168e-03
6.037500000000000089e-01 1.074157672668076512e-02
6.112499999999999600e-01 2.034481571812686226e-02
6.187499999999999112e-01 3.324685710239918407e-02
6.262499999999999734e-01 5.002347263421040580e-02
6.337500000000000355e-01 6.990872741050237205e-02
6.412499999999999867e-01 9.053086438663304758e-02
6.487499999999999378e-01 1.122517217754264024e-01
6.562500000000000000e-01 1.357976171573686275e-01
6.637499999999999512e-01 1.552259521466638481e-01
6.712499999999999023e-01 1.717675048978813956e-01
6.787499999999999645e-01 1.871627964493498275e-01
6.862500000000000266e-01 1.985276857178296106e-01
6.937499999999999778e-01 2.075577941094011725e-01
7.012499999999999289e-01 2.158325322172671423e-01
7.087499999999999911e-01 2.240386002993416670e-01
7.162500000000000533e-01 2.279950502468626461e-01
7.237499999999998934e-01 2.316451262331603589e-01
7.312499999999999556e-01 2.318986770976209644e-01
7.387500000000000178e-01 2.318141601428007625e-01
7.462499999999999689e-01 2.284414054145068596e-01
7.537499999999999201e-01 2.248520759894861720e-01
7.612499999999999822e-01 2.193505504616582724e-01
7.687500000000000444e-01 2.093722674831975106e-01
7.762499999999999956e-01 1.963725033699143252e-01
7.837499999999999467e-01 1.776282274836951391e-01
7.912500000000000089e-01 1.567868746559995807e-01
7.987499999999999600e-01 1.316694921453691047e-01
8.062499999999999112e-01 1.022391037840699318e-01
8.137499999999999734e-01 7.481863425458883110e-02
8.212500000000000355e-01 5.061245016311372025e-02
8.287499999999999867e-01 3.246243411547412860e-02
8.362499999999999378e-01 1.961585698280256598e-02
8.437500000000000000e-01 1.236324579729349872e-02
8.512499999999999512e-01 7.408439320958826527e-03
8.587499999999999023e-01 4.682767528007130212e-03
8.662499999999999645e-01 2.760006805847405910e-03
8.737500000000000266e-01 1.711468335109204769e-03
8.812499999999999778e-01 1.138337735234671872e-03
8.887499999999999289e-01 6.550063998566092727e-04
8.962499999999999911e-01 4.938959547305883701e-04
9.037499999999999423e-01 2.509097096224914710e-04
9.112499999999998934e-01 1.690339096404152848e-04
9.187499999999999556e-01 1.267754322303114704e-04
9.262500000000000178e-01 8.979926449647062259e-05
9.337499999999999689e-01 5.546425160076126490e-05
9.412499999999999201e-01 3.433501289570935769e-05
9.487499999999999822e-01 3.433501289570935769e-05
9.562500000000000444e-01 2.377039354318340070e-05
9.637499999999998845e-01 2.905270321944637750e-05
9.712499999999999467e-01 1.584692902878893380e-05
9.787500000000000089e-01 1.584692902878893380e-05
9.862499999999999600e-01 7.923464514394466899e-06
9.937499999999999112e-01 2.641154838131488825e-06
1.001249999999999973e+00 1.584692902878893380e-05
1.008750000000000036e+00 2.641154838131488825e-06
1.016249999999999876e+00 5.282309676262977650e-06
1.023749999999999938e+00 0.000000000000000000e+00
1.031250000000000000e+00 1.056461935252595530e-05
1.038749999999999840e+00 5.282309676262977650e-06
1.046250000000000124e+00 2.641154838131488825e-06
1.053749999999999964e+00 2.641154838131488825e-06
1.061249999999999805e+00 5.282309676262977650e-06
1.068750000000000089e+00 7.923464514394466899e-06
1.076249999999999929e+00 0.000000000000000000e+00
1.083749999999999991e+00 0.000000000000000000e+00
1.091250000000000053e+00 0.000000000000000000e+00
1.098749999999999893e+00 2.641154838131488825e-06
1.106249999999999956e+00 2.641154838131488825e-06
1.113750000000000018e+00 5.282309676262977650e-06
1.121249999999999858e+00 2.641154838131488825e-06
1.128750000000000142e+00 0.000000000000000000e+00
1.136249999999999982e+00 2.641154838131488825e-06
1.143749999999999822e+00 0.000000000000000000e+00
1.151250000000000107e+00 0.000000000000000000e+00
1.158749999999999947e+00 0.000000000000000000e+00
1.166249999999999787e+00 0.000000000000000000e+00
1.173750000000000071e+00 0.000000000000000000e+00
1.181249999999999911e+00 0.000000000000000000e+00
1.188749999999999973e+00 0.000000000000000000e+00
1.196250000000000036e+00 0.000000000000000000e+00
1.203749999999999876e+00 0.000000000000000000e+00
1.211249999999999938e+00 0.000000000000000000e+00
1.218750000000000000e+00 0.000000000000000000e+00
1.226249999999999840e+00 0.000000000000000000e+00
1.233750000000000124e+00 0.000000000000000000e+00
1.241249999999999964e+00 0.000000000000000000e+00
1.248749999999999805e+00 0.000000000000000000e+00
1.256250000000000089e+00 0.000000000000000000e+00
1.263749999999999929e+00 0.000000000000000000e+00
1.271249999999999769e+00 0.000000000000000000e+00
1.278750000000000053e+00 0.000000000000000000e+00
1.286249999999999893e+00 0.000000000000000000e+00
1.293749999999999956e+00 0.000000000000000000e+00
1.301250000000000018e+00 0.000000000000000000e+00
1.308749999999999858e+00 0.000000000000000000e+00
1.316249999999999920e+00 0.000000000000000000e+00
1.323749999999999982e+00 0.000000000000000000e+00
1.331249999999999822e+00 0.000000000000000000e+00
1.338750000000000107e+00 0.000000000000000000e+00
1.346249999999999947e+00 0.000000000000000000e+00
1.353749999999999787e+00 0.000000000000000000e+00
1.361250000000000071e+00 0.000000000000000000e+00
1.368749999999999911e+00 0.000000000000000000e+00
1.376249999999999973e+00 0.000000000000000000e+00
1.383750000000000036e+00 0.000000000000000000e+00
1.391249999999999876e+00 0.000000000000000000e+00
1.398749999999999938e+00 0.000000000000000000e+00
1.406250000000000000e+00 0.000000000000000000e+00
1.413749999999999840e+00 0.000000000000000000e+00
1.421250000000000124e+00 0.000000000000000000e+00
1.428749999999999964e+00 0.000000000000000000e+00
1.436249999999999805e+00 0.000000000000000000e+00
1.443750000000000089e+00 0.000000000000000000e+00
1.451249999999999929e+00 0.000000000000000000e+00
1.458749999999999769e+00 0.000000000000000000e+00
1.466250000000000053e+00 0.000000000000000000e+00
1.473749999999999893e+00 0.000000000000000000e+00
1.481249999999999956e+00 0.000000000000000000e+00
1.488750000000000018e+00 0.000000000000000000e+00
1.496249999999999858e+00 0.000000000000000000e+00
